78 17
78 18
79 19
79 20
80 21
80 22
81 23
81 24
82 25
82 26
83 27
83 28
83 29
84 30
84 31
85 32
85 33
86 34
86 35
87 36
87 37
88 38
88 39
88 40
89 41
89 42
90 43
90 44
91 45
91 46
92 47
92 48
93 49
93 50
93 51
94 52
94 53
95 54
95 55
96 56
96 57
97 58
97 59
98 60
98 61
98 62
99 63
99 64
100 65
100 66
101 67
101 68
102 69
102 70
103 71
103 72
103 73
104 74
104 75
105 76
105 77
106 78
106 79
107 80
107 81
108 82
108 83
108 84
109 85
109 86
110 87
110 88
111 89
111 90
112 91
112 92
113 93
113 94
113 95
114 96
114 97
115 98
115 99
116 100
116 101
117 102
117 103
118 104
118 105
119 106
119 107
119 108
120 109
120 110
121 111
121 112
122 113
122 114
123 115
123 116
124 117
124 118
124 119
125 120
125 121
126 122
126 123
127 124
127 125
128 126
128 127
129 128
129 129
129 130
130 131
130 132
131 133
131 134
132 135
132 136
133 137
133 138
134 139
134 140
134 141
135 142
136 143
137 144
138 145
139 146
140 147
141 148
142 149
143 150
144 151
145 152
146 153
147 154
148 155
149 156
150 157
151 158
152 159
153 160
154 161
155 162
156 163
157 164
158 165
159 166
160 167
161 168
162 169
163 170
164 171
165 172
166 173
167 174
168 175
169 176
170 177
171 178
172 179
173 180
174 181
175 182
176 183
177 184
178 185
179 186
180 187
181 188
182 189
183 190
184 191
185 192
186 193
187 194
188 195
189 196
190 197
191 198
192 199
193 200
194 201
195 202
196 203
197 204
